## code to prepare `DATASET` dataset goes here
seldata <-
  structure(
    list(
      rep = c(
        1L, 2L, 3L, 1L, 2L, 3L, 1L, 2L, 3L, 1L, 2L, 3L, 1L, 2L, 3L, 1L, 2L,
        3L, 1L, 2L, 3L, 1L, 2L, 3L, 1L, 2L, 3L, 1L, 2L, 3L, 1L, 2L, 3L, 1L,
        2L, 3L, 1L, 2L, 3L, 1L, 2L, 3L, 1L, 2L, 3L, 1L, 2L, 3L, 1L, 2L, 3L,
        1L, 2L, 3L, 1L, 2L, 3L, 1L, 2L, 3L, 1L, 2L, 3L, 1L, 2L, 3L, 1L, 2L,
        3L, 1L, 2L, 3L, 1L, 2L, 3L
      ),
      treat = c(
        "G1", "G1", "G1", "G2", "G2", "G2", "G3", "G3", "G3", "G4", "G4", "G4",
        "G5", "G5", "G5", "G6", "G6", "G6", "G7", "G7", "G7", "G8", "G8", "G8",
        "G9", "G9", "G9", "G10", "G10", "G10", "G11", "G11", "G11", "G12", "G12",
        "G12", "G13", "G13", "G13", "G14", "G14", "G14", "G15", "G15", "G15",
        "G16", "G16", "G16", "G17", "G17", "G17", "G18", "G18", "G18", "G19",
        "G19", "G19", "G20", "G20", "G20", "G21", "G21", "G21", "G22", "G22",
        "G22", "G23", "G23", "G23", "G24", "G24", "G24", "G25", "G25", "G25"
      ),
      sypp = c(
        5.4306, 5.4583, 5.5278, 6.325, 5.8333, 7.9074, 3.3929, 4.8889, 5.375,
        6.9783, 7.0333, 7.01, 7.1, 6.9667, 6.975, 6.4917, 5.8854, 6.0333,
        4.825, 5.2222, 4.6563, 4.375, 5.5208, 6.6875, 8.0833, 9.1111, 8.5417,
        3.5417, 3.4722, 4.5333, 7.037, 7.0833, 7.1042, 6.5917, 8.3561, 4.8704,
        6.9444, 7.3611, 6.025, 7.575, 6.3229, 10.5917, 5.0694, 3.4167, 4.3889,
        7.1759, 6.7619, 5.8403, 6.9667, 7, 6.9617, 5.6818, 6.2833, 6.7917,
        7.7417, 7.9537, 7.6833, 7.713, 6.4667, 8.7583, 6.2963, 6.9167, 10.2417,
        6.7167, 8.6111, 7.5833, 5.9479, 4.0185, 5.8417, 4.5463, 5.4872, 6.3704,
        5.5833, 7.25, 7.3333
      ),
      dtf = c(
        42.5, 42.5, 43.3333, 43.3333, 43.3333, 43.3333, 43.3333, 48.3333,
        43.3333, 45, 44.1667, 43.3333, 42.5, 44.1667, 45, 43.3333, 43.3333,
        42.5, 42.5, 43.3333, 43.3333, 43.3333, 48.3333, 45.8333, 42.5, 42.5,
        44.1667, 44.1667, 43.3333, 44.1667, 43.3333, 42.5, 48.3333, 42.5,
        43.3333, 43.3333, 42.5, 43.3333, 44.1667, 43.3333, 43.3333, 42.5, 47.5,
        43.3333, 42.5, 42.5, 44.1667, 44.1667, 42.5, 44.1667, 44.1667, 42.5,
        43.3333, 43.3333, 47.5, 44.1667, 48.3333, 41.6667, 42.5, 42.5, 45,
        48.3333, 44.1667, 50.8333, 48.3333, 48.3333, 44.1667, 44.1667, 43.3333,
        42.5, 43.3333, 43.3333, 47.5, 44.1667, 44.1667
      ),
      rpp = c(
        2.8333, 3.2, 3.125, 1.75, 3.05, 3.2778, 2.0714, 2, 1.75, 2.45, 2.85,
        2.35, 2.75, 2.505, 2.4, 2.25, 2, 1.95, 2.5, 1.6667, 2.375, 2.5, 2.2,
        2.625, 1.9444, 2.7222, 2.125, 2, 1.8333, 2, 2.1111, 2, 2.375, 1.85,
        1.8636, 1.5, 1.9444, 2.0833, 1.95, 2.55, 2.375, 2.9, 1.4167, 1, 1.5,
        2.9444, 2.8571, 2.5, 2.2, 2.6, 2.7, 2.7273, 2.8, 1.95, 2.2, 2.6111,
        2.75, 1.4444, 1.7, 1.8, 2.2222, 2.3333, 2.45, 2.5, 2.6667, 3.3333, 2.25,
        2.5556, 2.15, 1.6111, 2.1, 2.2222, 2.25, 2.75, 2.7222
      ),
      ppr = c(
        2.0085, 3.7179, 4.2023, 3.0897, 3.7692, 3.6752, 2.1062, 2.1368, 3.1838,
        3.1846, 3.4446, 3.3154, 3.1538, 3.1692, 3.9308, 2.5513, 2.4199, 3.5385,
        2.2564, 2.9915, 2.6603, 2.5, 3.5385, 3.312, 4.5014, 4.0456, 3.3974,
        2.6923, 2.5641, 3.8675, 3.1197, 4.0064, 3.0983, 4.0513, 3.8462, 3.2926,
        3.7037, 3.6966, 3.0997, 4.2436, 4.1026, 4.4123, 3.5256, 4.2628, 4.1311,
        2.792, 3.6996, 3.7218, 2.9769, 3.1538, 3.3846, 4.1492, 3.7179, 4.1453,
        2.2564, 2.4786, 2.9744, 3.5755, 4.8974, 4.2108, 3.547, 2.3362, 3.6923,
        3.0256, 3.1624, 2.6496, 2.5962, 2.9202, 2.9003, 2.3362, 1.9231, 2.8811,
        2.3077, 1.9017, 2.735
      ),
      ppp = c(
        7.5833, 7.8, 7.6111, 3.1, 14.65, 12, 5.3571, 5.1667, 5.4167, 8.85, 9.32,
        9.2, 9.4, 8.85, 9, 4.4, 5.5625, 9.95, 6.1, 6.1667, 5.5625, 6.6875, 6,
        10.375, 6, 8.2222, 8.0625, 6, 4.1667, 7.3, 6.7222, 6.125, 6.5, 5.25,
        8.1818, 4.3889, 6.0556, 6.6667, 6.25, 7.65, 7.3125, 10.3, 5.6667, 5.5,
        5.2778, 9.5556, 9.3571, 9.5, 8.728, 8.835, 9.375, 7.4545, 7.75, 10.4,
        6.65, 6.7778, 6.5, 7.0556, 7.1, 6.9, 7.7222, 8.2222, 8.4, 6.4, 6.3333,
        6.3333, 2.25, 3.6111, 11.85, 4.7778, 4.54, 5.2778, 6.65, 6.75, 6.0556
      ),
      spp = c(
        2.702, 2.5152, 3.0976, 2.6515, 3.2121, 3.064, 3.2035, 3.2323, 3.1313,
        3.1273, 3.3273, 3.2545, 3, 3.0273, 3.2273, 3.3636, 3.2197, 3.3333, 3,
        2.6263, 3.2576, 2.7652, 2.7778, 3.1061, 2.963, 2.8283, 3.3333, 3.0303,
        2.0202, 2.8485, 3.1987, 3.2955, 3.0303, 2.7576, 3.2782, 3.1313, 2.9293,
        2.702, 3.4242, 2.8182, 2.9356, 3.4848, 2.7778, 2.9545, 3.0598, 3.266,
        2.5541, 3.2392, 3.2455, 2.4091, 3.3364, 3.0854, 2.7273, 3.0909, 2.8788,
        3.5354, 4.1212, 3.771, 3.3333, 3.2727, 3.2323, 2.963, 3.4545, 3.0303,
        3.1313, 3.6364, 3.2197, 2.862, 3.5758, 3.0135, 2.8364, 3.367, 3.1818,
        3.2828, 3.4007
      ),
      pw = c(
        0.5523, 0.7431, 0.7473, 0.4824, 0.6804, 0.6471, 0.7283, 0.7059, 0.6765,
        0.6529, 0.649, 0.6559, 0.6549, 0.6451, 0.6539, 0.851, 0.8431, 0.8137,
        0.7235, 0.5229, 0.7819, 0.5123, 0.5373, 0.6618, 0.9216, 1.0196, 0.8995,
        0.7647, 0.3987, 0.702, 0.9739, 0.9926, 0.8137, 0.9157, 0.8449, 0.8845,
        0.658, 0.7418, 1.1196, 0.702, 0.7181, 0.8, 0.4281, 0.701, 0.6841,
        0.7756, 0.4902, 0.7843, 0.6569, 0.6431, 0.6471, 0.6364, 0.6961, 0.598,
        0.7216, 1.0131, 0.9882, 1.0479, 0.8725, 0.9078, 0.7603, 0.6383, 0.8176,
        0.851, 0.6405, 1.0065, 0.5686, 0.5599, 0.7471, 0.5817, 0.7843, 0.7124,
        0.6824, 0.9118, 0.9346
      )
    ),
    class = "data.frame",
    row.names = c(NA, -75L)
  )
usethis::use_data(seldata, overwrite = TRUE)
